01049265
01066000
01103500
01104460
01111500
01113895
01116500
01118500
01124000
01125100
01125500
01127000
01127500
01135300
01154500
01170100
01184000
01184100
01184490
01188090
01189995
01192500
01193500
01196500
01198125
01201487
01203000
01205500
01208500
01208873
01208990
01302500
01304000
01304500
01305000
01306499
01308000
01308500
01309500
01310500
01349150
01349950
01356190
01357500
01358000
01362200
01362380
01367800
01377000
01379000
01379500
01381500
01381800
01382500
01387000
01387500
01388000
01388500
01389500
01391500
01393450
01394500
01395000
01396660
01396800
01397000
01398000
01399500
01400000
01400500
01402000
01408000
01408500
01409500
01411500
01412800
01421618
01422747
01434000
01435000
01438500
01439500
01440000
01442500
01443500
01447500
01447720
01463500
01464500
01465500
01466900
01467000
01467150
01470500
01471000
01472000
01473900
01474000
01474500
01477120
01478245
01479820
01481000
01482500
01491000
01516350
01518700
01520000
01531500
01532000
01534000
01536000
01540500
01541000
01541500
01543000
01543693
01544500
01545000
01545600
01546500
01547950
01549700
01550000
01551500
01552000
01553500
01558000
01562000
01567000
01570000
01570500
01573695
01573710
01574000
01576000
01576754
01578310
01591000
01594000
01594440
01594526
01595300
01604500
01608500
01611500
01614000
01614500
01616400
01616500
01618000
01618100
01621050
01628500
01631000
01632900
01634000
01636500
01646000
01649500
01654000
01658000
01664000
01667500
01668000
01669520
01671020
01673000
01674000
01674182
01674500
02024752
02034000
02035000
02039500
02041650
02042500
02052000
02075500
02085000
02087580
02089500
02091500
02105769
02131000
02132000
02169570
02177000
02202190
02202500
02203000
02203655
02203700
02203900
02203960
02204070
02205865
02206500
02207120
02207185
02207335
02207385
02208150
02210500
02212600
02215000
02215500
02223000
02225000
02228000
02236000
02240000
02248000
02253000
02264100
02266300
02266480
02266500
02268390
02269520
02270000
02271500
02273000
02281200
02292480
02292900
02294491
02294650
02294898
02295420
02295637
02296500
02296750
02297100
02297310
02298123
02298830
02299950
02300100
02300500
02300700
02301000
02301300
02301500
02301802
02301990
02302500
02303000
02303330
02303350
02303420
02303800
02307000
02307359
02310000
02310280
02310300
02310800
02310947
02311500
02312180
02312200
02312500
02312600
02313000
02314500
02318500
02320500
02321500
02327100
02329000
02331600
02334885
02335870
02336120
02336240
02336300
02336410
02336526
02336728
02337000
02337170
02337410
02337500
02338000
02338500
02338523
02338660
02338840
02339500
02349500
02349605
02350080
02353000
02356000
02358000
02359000
02359170
02366500
02368000
02375500
02380500
02381090
02387000
02387500
02392000
02392360
02392780
02394000
02396000
02397000
02397530
02398000
02413210
02423400
02424000
02464000
02479945
02489500
02492000
03007800
03010500
03015000
03015500
03016000
03017500
03020500
03029500
03032500
03034000
03036000
03036500
03044000
03072000
03073000
03075070
03077500
03083500
03085000
03086000
03101500
03102500
03103500
03105500
03106000
03106500
03107500
03108000
03150000
03155000
03159510
03176500
03204000
03230450
03234500
03237280
03245500
03275000
03290500
03298500
03336645
03336900
03338780
03339000
03345500
03346000
03353637
03354000
03374100
03378000
03378500
03378635
03379500
03380500
03382100
03384450
03410500
03425000
03453500
03466208
03467609
03495500
03497300
03535912
03567340
03575100
03604000
03612000
04024000
04027000
04040000
04059500
04063700
04067500
04072150
04073466
04084911
04085108
04085427
04087000
04087030
04087120
04092750
04099000
04101500
04108660
04116000
04119400
04122500
04135000
04137500
04142000
04145000
04149000
04157005
04161820
04165500
04166500
04176500
04178000
04186500
04188496
04193500
04198000
04199000
04199500
04200500
04208000
04212100
04213500
04219768
04220045
04229500
04230500
04231000
04231600
04232034
04232040
04232050
04249000
04250750
04260500
04268000
04269000
04296000
05051522
05054000
05056000
05057200
05059000
05059700
05064500
05066500
05079000
05082500
05082625
05084000
05085000
05090000
05092000
05099400
05100000
05112000
05114000
05116000
05116500
05117500
05120000
05120500
05122000
05123400
05124000
05124480
05133500
05267000
05287890
05288705
05320270
05330000
05331580
05333500
05340500
05341752
05369500
05376000
05378185
05406470
05406500
05407000
05412500
05413500
05422000
05427718
05427850
05427880
05427910
05427930
05427948
05430175
05431016
05431017
05432927
05435500
05437500
05439500
05440000
05443500
05444000
05446500
05447500
05449500
05451210
05465500
05466500
05469000
05474000
05490500
05495000
05495500
05496000
05497150
05500000
05514500
05520500
05525000
05525500
05526000
05527500
05527800
05528000
05529000
05531500
05532000
05532500
05534500
05536000
05536275
05536995
05539000
05539900
05540095
05540500
05542000
05548280
05550000
05550500
05551700
05552500
05555300
05556500
05568800
05569500
05570000
05570370
05570910
05572000
05573540
05576500
05578500
05579500
05580000
05582000
05583000
05584500
05585000
05586100
05587000
05587900
05591200
05591700
05592000
05592100
05592500
05592800
05592900
05593520
05594000
05594100
05594450
05594800
05595200
05595730
05597000
05597500
05599500
06054500
06088300
06088500
06089000
06108000
06108800
06115200
06130500
06174500
06181000
06192500
06214500
06228000
06253000
06259000
06274300
06279500
06281000
06285100
06289000
06294000
06295000
06296003
06306300
06307500
06307600
06307616
06307740
06308500
06317000
06324500
06324970
06326500
06331000
06332515
06335500
06337000
06349000
06349500
06350000
06352000
06354000
06354580
06409000
06426500
06434500
06437000
06438000
06449300
06452000
06461500
06463500
06465500
06468250
06469400
06470000
06471000
06478500
06485500
06607500
06609500
06630000
06635000
06674500
06686000
06710247
06713500
06714000
06720500
06741510
06751490
06752260
06752280
06754000
06758500
06764000
06775900
06783500
06792000
06794000
06799000
06799350
06799450
06800000
06800500
06803555
06810000
06811500
06815000
06817700
06821190
06824500
06844500
06856600
06872500
06874000
06877600
06880000
06880500
06880800
06881200
06882000
06883000
06884025
06887000
06892360
06892513
06893100
06893390
06893500
06893557
06893820
06893890
06894000
06899900
06900050
06900640
06901250
06901500
06902000
06902995
06905500
06906300
06918070
06921070
06921590
06926510
06935890
06935955
06936475
07005000
07010180
07014000
07014500
07018100
07019000
07019185
07020550
07029500
07036100
07037300
07047800
07047942
07048550
07048600
07048800
07049000
07050500
07052152
07052250
07052345
07052500
07052820
07053250
07055646
07056000
07057500
07060500
07060710
07061600
07068000
07068510
07071500
07072500
07074500
07075270
07077000
07077700
07083000
07097000
07099400
07099970
07103700
07103780
07103970
07103990
07104000
07104905
07105500
07105530
07105800
07105900
07106000
07106300
07106500
07109500
07137500
07143672
07144100
07144780
07161000
07175500
07183500
07186400
07187000
07188653
07188838
07188885
07189000
07189100
07189542
07191160
07191179
07191220
07191222
07194800
07194933
07195000
07195430
07195500
07195855
07195865
07196000
07196090
07196500
07196900
07197000
07197360
07221500
07227500
07228000
07228500
07231500
07242000
07243500
07247000
07247015
07247250
07249400
07249985
07261500
07263295
07263296
07273100
07274252
07275530
07277700
07277730
07285400
07287355
07287400
07287404
07288650
07288955
07290000
07308500
07311700
07311783
07311800
07311900
07312100
07312500
07331000
07331600
07337000
07340000
07342500
07343200
07343500
07348000
07362000
07362587
07364133
07364150
07369500
07373000
07375500
07381590
07381600
07385700
08012150
08014500
08015500
08030500
08049500
08057200
08057410
08062500
08064100
08065350
08068000
08068090
08068500
08069000
08070200
08070500
08093250
08093500
08098290
08123850
08159200
08162000
08178800
08195000
08251500
08276300
08276500
08284100
08290000
08313000
08319000
08343500
08354900
08358300
08358400
08386000
08396500
08407500
08481500
09022000
09027100
09032000
09034500
09041090
09041400
09041500
09058000
09058030
09063000
09064600
09065500
09066510
09073300
09081000
09081600
09083800
09085000
09095500
09107000
09111500
09112200
09112500
09113980
09114500
09119000
09128000
09136100
09144250
09146200
09149500
09152500
09163500
09180000
09180500
09209400
09211200
09215550
09216050
09217000
09234500
09237450
09239500
09242500
09244490
09246200
09246400
09247600
09251000
09260000
09260050
09304200
09304800
09306200
09306290
09315000
09328500
09352900
09363500
09364500
09368000
09379500
09415000
09419515
09430600
09431500
09448500
09466500
09471000
09498400
09498500
09502000
09504000
09505800
09508500
09510000
09512800
10020100
10038000
10039500
10126000
10141000
10168000
10171000
10172630
10224000
10244950
10254670
10301500
10312000
10321000
10336580
103366092
10336610
10336660
10336775
10339400
10343500
10350340
10351700
10356500
11042000
11074000
11152300
11159000
11169000
11264500
11274538
11303500
11325500
11335000
11370500
11447360
11447650
11458000
11467000
11477000
11530500
12031000
12056500
12101500
12128000
12200500
12301933
12334550
12340000
12344000
12352500
12353000
12354500
12363000
12388700
12391950
12395000
12413000
12413131
12413210
12413355
12413470
12413500
12413860
12413875
12414500
12415135
12419000
12433000
12447200
12464770
12500450
12505450
12510500
13010065
13018300
13027500
13037500
13055000
13056500
13060000
13068500
13069500
13081500
13090000
13092747
13094000
13108150
13152500
13154500
13169500
13206000
13213000
13238322
13239000
13317000
13342500
13351000
14103000
14201300
14203500
14205400
14206950
14207500
14211720
14301000
14372300
394220106431500
394839104570300
402114105350101